1.055235496954177705e+02 6.324555320336762598e+00 4.213673869708010500e+00 5.092010548749033028e+00 2.391304347826086918e+00 2.200000000000000000e+01 1.127848101265822756e+01 1.212500000000000000e+01 1.152445331954508703e+02 6.597205658223364821e+01 7.383931492013230979e+01 8.000000000000000000e+00 3.590909090909090828e+00 1.500585260054388081e+00 4.000000000000000000e+01
9.830454941501837141e+01 3.375437903527040984e+00 2.096770751969963431e+00 3.004506842820277246e+00 2.949999999999999734e+00 2.000000000000000000e+01 1.234177215189873422e+01 1.317500000000000071e+01 1.044680143190728359e+02 6.186708789828132637e+01 6.833992284945277618e+01 8.000000000000000000e+00 3.950000000000000178e+00 1.285940424981127261e+00 4.000000000000000000e+01
9.833878823153958137e+01 3.375437903527040984e+00 2.228106472989488385e+00 3.261338724138343803e+00 1.339682539682539586e+00 1.300000000000000000e+01 8.721518987341772444e+00 9.599999999999999645e+00 1.074807996846333964e+02 6.146214112871435020e+01 7.002953200489010044e+01 1.400000000000000000e+01 6.076923076923076650e+00 1.490529660208728124e+00 4.000000000000000000e+01
8.345062394102389192e+01 3.375437903527040984e+00 1.572787583446094484e+00 3.382316931753706513e+00 1.482204861111111160e+00 1.700000000000000000e+01 8.772151898734177777e+00 9.650000000000000355e+00 1.123187560906527835e+02 5.411148653092772776e+01 5.769807497408271502e+01 1.000000000000000000e+01 4.647058823529412130e+00 1.292726978990679454e+00 4.000000000000000000e+01
7.281784804728616223e+01 3.473953464439372585e+00 1.710551313070894919e+00 3.179914203394230032e+00 2.715789473684210531e+00 2.100000000000000000e+01 1.044303797468354489e+01 1.130000000000000071e+01 1.039046283521163048e+02 4.707192525425820406e+01 5.334762474083058237e+01 1.000000000000000000e+01 3.761904761904761862e+00 1.513836180735954384e+00 4.000000000000000000e+01
5.435728334836793607e+01 3.473953464439372585e+00 1.536347107819355351e+00 3.220859739137079902e+00 1.324561403508772051e+00 1.800000000000000000e+01 9.227848101265822223e+00 1.009999999999999964e+01 8.142013627962020905e+01 3.472243868759401408e+01 3.795021417194541158e+01 8.000000000000000000e+00 4.388888888888889284e+00 2.395220646964698830e+00 4.000000000000000000e+01
6.369266799111060351e+01 3.515112659837269060e+00 1.226966940213928492e+00 3.513547254175968249e+00 1.848739495798319421e+00 1.500000000000000000e+01 8.620253164556961778e+00 9.500000000000000000e+00 8.748570209553004418e+01 3.939287355268458413e+01 4.562242959446948021e+01 8.000000000000000000e+00 5.266666666666666607e+00 1.420778331664356076e+00 4.000000000000000000e+01
5.882695215302005209e+01 3.427873620019257661e+00 5.065330342468319369e-01 3.420812870835029607e+00 5.555555555555556246e+00 2.000000000000000000e+01 1.051898734177215111e+01 1.137500000000000000e+01 9.072171328416131075e+01 3.961362786871766417e+01 4.168007670593068070e+01 8.000000000000000000e+00 3.950000000000000178e+00 1.165392799486992814e+00 4.000000000000000000e+01
6.236208358765961179e+01 3.515112659837269060e+00 1.410538056895873638e+00 3.376672142177833180e+00 5.833333333333332593e-01 1.700000000000000000e+01 8.468354430379747555e+00 9.349999999999999645e+00 7.892804688463824903e+01 3.823450986613551095e+01 4.550694363475012238e+01 1.200000000000000000e+01 4.647058823529412130e+00 1.744593078813868381e+00 4.000000000000000000e+01
7.376128651446201445e+01 6.324555320336762598e+00 3.521080528699968237e+00 4.918078893226500270e+00 3.809523809523809312e+00 2.000000000000000000e+01 1.170886075949367111e+01 1.255000000000000071e+01 1.197158924631100234e+02 5.048421040262847725e+01 5.349394766334090434e+01 8.000000000000000000e+00 3.950000000000000178e+00 1.246553843786456728e+00 4.000000000000000000e+01
8.016412183515637935e+01 3.552343858581805236e+00 1.884700372841020544e+00 3.382327676172237840e+00 1.277192982456140546e+00 1.600000000000000000e+01 8.721518987341772444e+00 9.599999999999999645e+00 1.001666007330222072e+02 4.978102494919350107e+01 5.710573527165157515e+01 1.000000000000000000e+01 4.937500000000000000e+00 1.310630193234712415e+00 4.000000000000000000e+01
7.211186197505168138e+01 6.324555320336760822e+00 3.784095277795419765e+00 4.524443417183391603e+00 4.400000000000000355e+00 2.200000000000000000e+01 1.092405063291139200e+01 1.177500000000000036e+01 8.990710524854866037e+01 4.465912019572702008e+01 5.156811236840923840e+01 8.000000000000000000e+00 3.590909090909090828e+00 1.308775603224051398e+00 4.000000000000000000e+01
4.232781188770924530e+01 3.515112659837269060e+00 8.226721577175183375e-01 3.289374966778638498e+00 7.142857142857143016e-01 1.600000000000000000e+01 8.367088607594936889e+00 9.250000000000000000e+00 6.310959037729305265e+01 2.628598775466481285e+01 3.037249253947851457e+01 1.000000000000000000e+01 4.937500000000000000e+00 1.571842114916080169e+00 4.000000000000000000e+01
8.625310174937359875e+01 3.443857242552258668e+00 1.970925296730519083e+00 3.156075073278927334e+00 2.216761633428300016e+00 1.800000000000000000e+01 1.026582278481012622e+01 1.112500000000000000e+01 1.047608770814193662e+02 5.388341819542082334e+01 6.095911844698912319e+01 1.000000000000000000e+01 4.388888888888889284e+00 1.625807787149727179e+00 4.000000000000000000e+01
7.910840807731396751e+01 3.646778057984196852e+00 1.907399272407976909e+00 3.668619003933772937e+00 1.568627450980392135e+00 1.700000000000000000e+01 8.746835443037975111e+00 9.625000000000000000e+00 9.728946772239063989e+01 4.849642809877831695e+01 5.720428028946651722e+01 8.000000000000000000e+00 4.647058823529412130e+00 1.114952247658308249e+00 4.000000000000000000e+01
1.025920095607576883e+02 3.515112659837269060e+00 2.106432200592215143e+00 3.181665433777920882e+00 1.567226890756302504e+00 1.900000000000000000e+01 1.107594936708860800e+01 1.192500000000000071e+01 1.261857256279715358e+02 6.691539352543301789e+01 7.179912352517064278e+01 8.000000000000000000e+00 4.157894736842105310e+00 1.418073630290330067e+00 4.000000000000000000e+01
1.049931080030757045e+02 3.411189702003358359e+00 2.182713706278257337e+00 2.858977513784620061e+00 3.806372549019608531e+00 2.100000000000000000e+01 1.256962025316455644e+01 1.340000000000000036e+01 1.239687977084613664e+02 7.080841969767433852e+01 7.239140664814759418e+01 8.000000000000000000e+00 3.761904761904761862e+00 1.402809794090429385e+00 4.000000000000000000e+01
5.666799230292150469e+01 3.552343858581805236e+00 8.265734174231919029e-01 3.633414830774438720e+00 3.801709401709401526e+00 2.000000000000000000e+01 1.041772151898734222e+01 1.127500000000000036e+01 9.009715676316305633e+01 3.572998711685224293e+01 4.082115628442955568e+01 8.000000000000000000e+00 3.950000000000000178e+00 1.218640316548509572e+00 4.000000000000000000e+01
8.902458648815347431e+01 3.473953464439372585e+00 1.772184894881212225e+00 3.333591638054466788e+00 2.672302056917441160e+00 2.200000000000000000e+01 1.292405063291139200e+01 1.375000000000000000e+01 1.013574404846038419e+02 5.610273574172319400e+01 6.158164591254561770e+01 6.000000000000000000e+00 3.590909090909090828e+00 1.370529769912853579e+00 4.000000000000000000e+01
7.228079615856957219e+01 3.411189702003358359e+00 2.063536620082333073e+00 2.929326382709711574e+00 1.833333333333333481e+00 1.800000000000000000e+01 9.936708860759493334e+00 1.080000000000000071e+01 8.637850924049519108e+01 4.611772694997448951e+01 5.024264257909003817e+01 1.000000000000000000e+01 4.388888888888889284e+00 1.567859144320575826e+00 4.000000000000000000e+01
7.709281363807831156e+01 3.411189702003358359e+00 1.954473247601816954e+00 3.361686779278977522e+00 1.698039215686274472e+00 1.800000000000000000e+01 1.072151898734177244e+01 1.157499999999999929e+01 8.151942941621364014e+01 4.793602473116132501e+01 5.464621819608299802e+01 1.000000000000000000e+01 4.388888888888889284e+00 1.515354759043981092e+00 4.000000000000000000e+01
5.137134814227789548e+01 3.443857242552258668e+00 1.354483151639648941e+00 3.263124192249752920e+00 7.675438596491228616e-01 1.300000000000000000e+01 6.797468354430379556e+00 7.700000000000000178e+00 6.099841594347901008e+01 3.201966572584569803e+01 3.762358688245321048e+01 1.400000000000000000e+01 6.076923076923076650e+00 1.127859907154205477e+00 4.000000000000000000e+01
5.994847235429431720e+01 3.375437903527040984e+00 1.747902812564652741e+00 2.914465557945348451e+00 1.507029478458049798e+00 1.200000000000000000e+01 7.708860759493671111e+00 8.599999999999999645e+00 6.617681892791198095e+01 3.686657027859254754e+01 4.360382927183390223e+01 1.200000000000000000e+01 6.583333333333333037e+00 2.030380094679498981e+00 4.000000000000000000e+01
6.094550307684917811e+01 3.375437903527040984e+00 1.727966320589696014e+00 2.971147342254985890e+00 1.250793650793650791e+00 1.300000000000000000e+01 8.189873417721518223e+00 9.074999999999999289e+00 6.634331594838538138e+01 3.613709870344640507e+01 4.446984597848598497e+01 1.000000000000000000e+01 6.076923076923076650e+00 1.984417278451902522e+00 4.000000000000000000e+01
7.799502937570244399e+01 3.473953464439372585e+00 1.747893411303086619e+00 3.282010865657631005e+00 2.088034188034188166e+00 2.000000000000000000e+01 1.049367088607595022e+01 1.134999999999999964e+01 1.075934711068086642e+02 5.242521944762864905e+01 5.400625358775693030e+01 6.000000000000000000e+00 3.950000000000000178e+00 1.678557464786799347e+00 4.000000000000000000e+01
7.239334870191073890e+01 3.314454017339988567e+00 2.019464328676129128e+00 3.031566790853117865e+00 2.421052631578947345e+00 1.700000000000000000e+01 1.049367088607595022e+01 1.134999999999999964e+01 7.832481776867824408e+01 4.382479337802607233e+01 5.200610760343043637e+01 8.000000000000000000e+00 4.647058823529412130e+00 1.601771445118050696e+00 4.000000000000000000e+01
7.721843317444844956e+01 3.411189702003358359e+00 2.101735540061505425e+00 3.153484059967103903e+00 2.425653594771242094e+00 1.800000000000000000e+01 1.056962025316455644e+01 1.142500000000000071e+01 9.589445050037363671e+01 4.899703630132913190e+01 5.569677670234492695e+01 8.000000000000000000e+00 4.388888888888889284e+00 1.333739631122921709e+00 4.000000000000000000e+01
7.745381968690972485e+01 3.335914189305272171e+00 1.758238488353856654e+00 3.392471356958099094e+00 2.342857142857142971e+00 2.000000000000000000e+01 9.835443037974682667e+00 1.069999999999999929e+01 1.052850787251045830e+02 5.021154817410771187e+01 5.420435778095676227e+01 8.000000000000000000e+00 3.950000000000000178e+00 1.560759712722082027e+00 4.000000000000000000e+01
9.001176036783118661e+01 3.443857242552258668e+00 2.198712273069517664e+00 2.861220992534919461e+00 3.395833333333333481e+00 2.000000000000000000e+01 1.112658227848101333e+01 1.197499999999999964e+01 1.130814856705785729e+02 6.004566494054914472e+01 6.415912483719361603e+01 8.000000000000000000e+00 3.950000000000000178e+00 1.304902425997930271e+00 4.000000000000000000e+01
7.344146973778305210e+01 3.443857242552258668e+00 1.652191630065857453e+00 3.119045341045688424e+00 1.444791666666666696e+00 1.600000000000000000e+01 9.379746835443038222e+00 1.025000000000000000e+01 1.005434323997312731e+02 4.513215258762649995e+01 5.193019666094719611e+01 1.000000000000000000e+01 4.937500000000000000e+00 1.644242644353834715e+00 4.000000000000000000e+01
1.052953427074408523e+02 3.473953464439372585e+00 2.192269149976350917e+00 3.334675872117544682e+00 2.343891402714931793e+00 2.000000000000000000e+01 1.254430379746835378e+01 1.337500000000000000e+01 1.115677431489342126e+02 6.616404420624976979e+01 7.051496343443476178e+01 1.200000000000000000e+01 3.950000000000000178e+00 1.350589111324375535e+00 4.000000000000000000e+01
9.398006451617743551e+01 3.427873620019257661e+00 1.160610704523168835e+00 3.229104711231812086e+00 1.685828877005347337e+00 2.000000000000000000e+01 1.188607594936708800e+01 1.272499999999999964e+01 1.190954109473258455e+02 6.227290659436414444e+01 6.599830904681483901e+01 6.000000000000000000e+00 3.950000000000000178e+00 1.315215823031119058e+00 4.000000000000000000e+01
9.168962108412959822e+01 3.473953464439372585e+00 2.174866983985372482e+00 2.978114631317138716e+00 2.564593301435406758e+00 2.200000000000000000e+01 1.168354430379746844e+01 1.252500000000000036e+01 1.122403238784250306e+02 5.825841707877325604e+01 6.581257885155626752e+01 6.000000000000000000e+00 3.590909090909090828e+00 1.234891296286594331e+00 4.000000000000000000e+01
1.031737181511323911e+02 6.324555320336762598e+00 4.861497676995135464e+00 4.740315204213127132e+00 4.200000000000000178e+00 2.000000000000000000e+01 1.120253164556961956e+01 1.205000000000000071e+01 1.441999547092756302e+02 7.153506777572096098e+01 7.359771809078189619e+01 6.000000000000000000e+00 3.950000000000000178e+00 1.237649617365855548e+00 4.000000000000000000e+01
1.126424493732079384e+02 3.552343858581805236e+00 2.232741223591659718e+00 3.322291411830546437e+00 1.974444444444444446e+00 2.200000000000000000e+01 1.256962025316455644e+01 1.340000000000000036e+01 1.351697210705347629e+02 6.973720873860182223e+01 7.849975295993552038e+01 8.000000000000000000e+00 3.590909090909090828e+00 1.257584914888064231e+00 4.000000000000000000e+01
7.927283482616152810e+01 3.346195160597230434e+00 1.945661922928473286e+00 2.960263252317050231e+00 2.563333333333333464e+00 1.800000000000000000e+01 9.354430379746835555e+00 1.022499999999999964e+01 1.010955604612669703e+02 4.963499019758590691e+01 5.657692593094772349e+01 1.000000000000000000e+01 4.388888888888889284e+00 1.402325148232828722e+00 4.000000000000000000e+01
9.100462248375204410e+01 3.443857242552258668e+00 2.303617952151368886e+00 2.979676612364601240e+00 3.000000000000000000e+00 1.700000000000000000e+01 1.069620253164556978e+01 1.155000000000000071e+01 1.040562296150253161e+02 5.924554973655553880e+01 6.424514402338560615e+01 1.000000000000000000e+01 4.647058823529412130e+00 1.372724818128173485e+00 4.000000000000000000e+01
5.076124886696722172e+01 3.375437903527040984e+00 1.086465261894244083e+00 3.316068858025299715e+00 2.437500000000000000e+00 1.200000000000000000e+01 7.329113924050632889e+00 8.224999999999999645e+00 6.891277876204274833e+01 3.124348727867645437e+01 3.755443994722102019e+01 1.400000000000000000e+01 6.583333333333333037e+00 9.139439670209887900e-01 4.000000000000000000e+01
5.822839037586212640e+01 3.443857242552258668e+00 1.709484519180782591e+00 2.990352950032149071e+00 1.615079365079364893e+00 1.600000000000000000e+01 8.417721518987342222e+00 9.300000000000000711e+00 5.938929471775104929e+01 3.584766278978293030e+01 4.181424723296368029e+01 1.400000000000000000e+01 4.937500000000000000e+00 1.706800925529770918e+00 4.000000000000000000e+01
7.177421585115475011e+01 3.443857242552258668e+00 1.957130495603019105e+00 3.277963967477971696e+00 5.528009259259259345e+00 1.800000000000000000e+01 9.481012658227848888e+00 1.034999999999999964e+01 8.103688807454145149e+01 4.423066436061651530e+01 5.142254307073967112e+01 8.000000000000000000e+00 4.388888888888889284e+00 1.754077406488252278e+00 4.000000000000000000e+01
9.214536536474055595e+01 3.515112659837269060e+00 1.893856962844586267e+00 3.730582613257935609e+00 2.674725274725274993e+00 2.600000000000000000e+01 1.411392405063291200e+01 1.492500000000000071e+01 1.151988335932428100e+02 5.956101763010124017e+01 6.287194982253825515e+01 6.000000000000000000e+00 3.038461538461538325e+00 1.434308080244145689e+00 4.000000000000000000e+01
9.640156881678429102e+01 3.411189702003358359e+00 2.252799200859720408e+00 3.232044311614603593e+00 2.085294117647058965e+00 1.900000000000000000e+01 1.196202531645569600e+01 1.280000000000000071e+01 1.061654810491028655e+02 6.082579939699376581e+01 6.675073556619010162e+01 1.000000000000000000e+01 4.157894736842105310e+00 1.304767289768992811e+00 4.000000000000000000e+01
9.874901928628806047e+01 3.443857242552258668e+00 2.426592016878463820e+00 3.125026678702722105e+00 4.671296296296295836e+00 2.000000000000000000e+01 1.163291139240506311e+01 1.247499999999999964e+01 9.574857722326703424e+01 6.196859462907291771e+01 6.809472832829091260e+01 1.000000000000000000e+01 3.950000000000000178e+00 1.226648884736154965e+00 4.000000000000000000e+01
1.167222611162284807e+02 3.552343858581805236e+00 2.809710181363298531e+00 3.230268338827071428e+00 1.409166666666666679e+01 2.500000000000000000e+01 1.332911392405063289e+01 1.415000000000000036e+01 1.308661460297427368e+02 7.437366386503801152e+01 8.286875790375968620e+01 6.000000000000000000e+00 3.160000000000000142e+00 1.054472686686942051e+00 4.000000000000000000e+01
5.712939610897797849e+01 3.402564240911784665e+00 2.159640913062872425e+00 2.997679026654632484e+00 3.492045454545455119e+00 1.700000000000000000e+01 9.784810126582279111e+00 1.065000000000000036e+01 8.208753260638330573e+01 3.658682809658753854e+01 4.172072162581782351e+01 6.000000000000000000e+00 4.647058823529412130e+00 1.263825619562134461e+00 4.000000000000000000e+01
5.785138140637373283e+01 3.300951334040937990e+00 1.649095915779394517e+00 2.966301573121140400e+00 1.826086956521739024e+00 1.500000000000000000e+01 7.860759493670886222e+00 8.750000000000000000e+00 7.460025195735408943e+01 3.668581870638261933e+01 4.181567050823474574e+01 1.000000000000000000e+01 5.266666666666666607e+00 2.018002653300253524e+00 4.000000000000000000e+01
8.741265456722271665e+01 3.515112659837269060e+00 2.133777570804554991e+00 3.456192651931311310e+00 2.940476190476190688e+00 2.600000000000000000e+01 1.251898734177215111e+01 1.334999999999999964e+01 1.124868097632715234e+02 5.616530214246164121e+01 6.092831622491866028e+01 6.000000000000000000e+00 3.038461538461538325e+00 1.325369668078832719e+00 4.000000000000000000e+01
1.645716377085580575e+02 3.443857242552258668e+00 2.655653016806299060e+00 2.972471276679048646e+00 3.778472222222222232e+00 2.300000000000000000e+01 1.386075949367088533e+01 1.467500000000000071e+01 1.898588300561435176e+02 1.028256978608067556e+02 1.163486208409748031e+02 6.000000000000000000e+00 3.434782608695652328e+00 1.076165890876784381e+00 4.000000000000000000e+01
7.133332250572934186e+01 6.324555320336762598e+00 3.708819128127110343e+00 5.225676253624240708e+00 1.500000000000000000e+00 2.100000000000000000e+01 1.115189873417721600e+01 1.200000000000000000e+01 9.949643839622265773e+01 4.630806912366648476e+01 4.982170228400779877e+01 8.000000000000000000e+00 3.761904761904761862e+00 1.373453797143100452e+00 4.000000000000000000e+01
9.335933335429281499e+01 3.473953464439372585e+00 2.347234241727592874e+00 3.008120201443044817e+00 1.164086687306501444e+00 1.500000000000000000e+01 8.898734177215189334e+00 9.775000000000000355e+00 1.027452023429624717e+02 5.902995543717824489e+01 6.631060003707445105e+01 1.000000000000000000e+01 5.266666666666666607e+00 1.229878540369705897e+00 4.000000000000000000e+01
7.436590735603989799e+01 3.586363173595479736e+00 1.902312059547899059e+00 3.514211483527755586e+00 2.443452380952380931e+00 1.800000000000000000e+01 1.183544303797468267e+01 1.267500000000000071e+01 9.234255764252495169e+01 4.793959465160033773e+01 5.005452417125896147e+01 1.200000000000000000e+01 4.388888888888889284e+00 1.861691492901996536e+00 4.000000000000000000e+01
6.672870981156516734e+01 3.552343858581805236e+00 1.788384797402452930e+00 3.545048823299828289e+00 4.359999999999999432e+00 2.000000000000000000e+01 1.208860759493670933e+01 1.292500000000000071e+01 8.618404180085401833e+01 4.464907144782622339e+01 4.712765055969546779e+01 8.000000000000000000e+00 3.950000000000000178e+00 1.471617015716121246e+00 4.000000000000000000e+01
1.146976824492910652e+02 3.473953464439372585e+00 2.127389871911502528e+00 3.428232297158853914e+00 2.130952380952380931e+00 1.900000000000000000e+01 1.236708860759493689e+01 1.319999999999999929e+01 1.145314551990734486e+02 7.184104782932178068e+01 7.789422318736269801e+01 1.000000000000000000e+01 4.157894736842105310e+00 1.550782318764839962e+00 4.000000000000000000e+01
7.874557892274549431e+01 3.411189702003358359e+00 1.813292652367168190e+00 3.099058246845788123e+00 1.259515570934256257e+00 1.700000000000000000e+01 7.987341772151898667e+00 8.875000000000000000e+00 8.869600433807892159e+01 4.920636136500575475e+01 5.819700960696488323e+01 1.000000000000000000e+01 4.647058823529412130e+00 1.441189504430062884e+00 4.000000000000000000e+01
8.923364713375639212e+01 3.411189702003358359e+00 2.471170968295314907e+00 3.002917328354935744e+00 3.408496732026143228e+00 2.200000000000000000e+01 1.168354430379746844e+01 1.252500000000000036e+01 1.130275472228567963e+02 5.891584404690848942e+01 6.291374984569599604e+01 8.000000000000000000e+00 3.590909090909090828e+00 1.242963869445612213e+00 4.000000000000000000e+01
1.269737717545698672e+02 3.473953464439372585e+00 2.510390674195467131e+00 3.270626079317321189e+00 2.197802197802197988e+00 1.800000000000000000e+01 1.140506329113924089e+01 1.225000000000000000e+01 1.387291782316691524e+02 7.927187374335653658e+01 8.832723388373293005e+01 1.000000000000000000e+01 4.388888888888889284e+00 1.221054128546218198e+00 4.000000000000000000e+01
9.709844706183520202e+01 6.324555320336764375e+00 4.274357787845724843e+00 5.075894589365789855e+00 4.200000000000000178e+00 2.200000000000000000e+01 1.300000000000000000e+01 1.382499999999999929e+01 1.204308980924071903e+02 6.288059779131535976e+01 6.601602447756275183e+01 8.000000000000000000e+00 3.590909090909090828e+00 1.595030663332113186e+00 4.000000000000000000e+01
1.078152924158798527e+02 3.443857242552258668e+00 2.424692310876959578e+00 3.029767573292269311e+00 4.333333333333333037e+00 2.300000000000000000e+01 1.350632911392404978e+01 1.432499999999999929e+01 1.115554111225784339e+02 6.805201230247118360e+01 7.495501269753599161e+01 6.000000000000000000e+00 3.434782608695652328e+00 1.146264256392237835e+00 4.000000000000000000e+01
6.238535140763601561e+01 3.515112659837269060e+00 1.322989169027154244e+00 3.414962453643668461e+00 2.028571428571428914e+00 2.100000000000000000e+01 1.049367088607595022e+01 1.134999999999999964e+01 9.517745268468047470e+01 4.039475037452040596e+01 4.529906200590989584e+01 8.000000000000000000e+00 3.761904761904761862e+00 1.308303140247773833e+00 4.000000000000000000e+01
7.474572692712186495e+01 3.473953464439372585e+00 1.051192490121872325e+00 3.719953333334774737e+00 2.115384615384615419e+00 1.500000000000000000e+01 8.924050632911392000e+00 9.800000000000000711e+00 9.838643633073176886e+01 4.631973296145717001e+01 5.296514405081541810e+01 1.000000000000000000e+01 5.266666666666666607e+00 1.160981714598221748e+00 4.000000000000000000e+01
5.137842173602332707e+01 3.473953464439372585e+00 1.055396758583472483e+00 3.256839142950057386e+00 1.728355957767722550e+00 1.700000000000000000e+01 8.822784810126583110e+00 9.699999999999999289e+00 5.943498220112997643e+01 3.157479497675450020e+01 3.666637635306475573e+01 8.000000000000000000e+00 4.647058823529412130e+00 1.663702750961543630e+00 4.000000000000000000e+01
8.166726281309411206e+01 3.346195160597230434e+00 1.999781370492010657e+00 3.145106848977961000e+00 1.857142857142856984e+00 1.400000000000000000e+01 8.797468354430380444e+00 9.675000000000000711e+00 1.013809903925990028e+02 5.144627232492128854e+01 5.922400233014962367e+01 1.000000000000000000e+01 5.642857142857143238e+00 1.695795669460521848e+00 4.000000000000000000e+01
6.600331015232526966e+01 3.411189702003358359e+00 1.708882345766785438e+00 3.156873059995308317e+00 1.439863445378151141e+00 1.600000000000000000e+01 9.101265822784810666e+00 9.974999999999999645e+00 8.883249082187487033e+01 4.140962692963536540e+01 4.706072988352627817e+01 1.000000000000000000e+01 4.937500000000000000e+00 1.846444686306136562e+00 4.000000000000000000e+01
5.902797403995597136e+01 3.335914189305272171e+00 1.267168038143017483e+00 3.327661806977322279e+00 1.760000000000000009e+00 1.300000000000000000e+01 7.556962025316456000e+00 8.449999999999999289e+00 7.335317361060607766e+01 3.659400559757419558e+01 4.299631595241197601e+01 1.000000000000000000e+01 6.076923076923076650e+00 1.199637782903025807e+00 4.000000000000000000e+01
7.080156885683321377e+01 3.346195160597230434e+00 2.111507948706466742e+00 3.105445993157957219e+00 1.653571428571428470e+00 1.700000000000000000e+01 9.683544303797468444e+00 1.055000000000000071e+01 1.011537381573288030e+02 4.566844663218259370e+01 5.091744636013694247e+01 8.000000000000000000e+00 4.647058823529412130e+00 1.270834878841940352e+00 4.000000000000000000e+01
1.368499303257119095e+02 3.617704769439423984e+00 2.615070878805286991e+00 3.031991343237110392e+00 4.873949579831933221e+00 2.300000000000000000e+01 1.355696202531645511e+01 1.437500000000000000e+01 1.610412998177924919e+02 8.554015395424661961e+01 9.792756073369170622e+01 8.000000000000000000e+00 3.434782608695652328e+00 1.062142093695530587e+00 4.000000000000000000e+01
9.485383309853160938e+01 3.352229939440702022e+00 2.021652729285758454e+00 3.007665605364045813e+00 6.755555555555555758e-01 1.200000000000000000e+01 7.506329113924050667e+00 8.400000000000000355e+00 9.217136929089846831e+01 5.866230923556047117e+01 6.876007787679471051e+01 1.400000000000000000e+01 6.583333333333333037e+00 1.611652417041726792e+00 4.000000000000000000e+01
6.246987295112414529e+01 3.375437903527040984e+00 1.664702633404584908e+00 2.922754251136726822e+00 1.790842490842490697e+00 1.600000000000000000e+01 8.518987341772151112e+00 9.400000000000000355e+00 8.979601181512268226e+01 4.195592282768758707e+01 4.460275320047219338e+01 1.000000000000000000e+01 4.937500000000000000e+00 1.502802104719479948e+00 4.000000000000000000e+01
7.517484708486026079e+01 3.443857242552258668e+00 1.869969801910255747e+00 3.200557010746048370e+00 1.666666666666666741e+00 1.400000000000000000e+01 8.215189873417720889e+00 9.099999999999999645e+00 7.572521157948141024e+01 4.619857195384834370e+01 5.366924399109820598e+01 1.000000000000000000e+01 5.642857142857143238e+00 1.450797826727882933e+00 4.000000000000000000e+01
6.042878186269879848e+01 3.501871511350208799e+00 1.686266816431656101e+00 3.215393889886913215e+00 1.814285714285714279e+00 1.700000000000000000e+01 8.139240506329114666e+00 9.025000000000000355e+00 8.825127302809194418e+01 3.788851601204958541e+01 4.316224521192405916e+01 1.200000000000000000e+01 4.647058823529412130e+00 1.519339270359238547e+00 4.000000000000000000e+01
7.189406899753421953e+01 6.324555320336762598e+00 4.009158265057983783e+00 4.682795258023930707e+00 2.391304347826086918e+00 1.800000000000000000e+01 9.683544303797468444e+00 1.055000000000000071e+01 1.018379620740395524e+02 4.875102751840169191e+01 5.151361874312315337e+01 8.000000000000000000e+00 4.388888888888889284e+00 1.427233698387397443e+00 4.000000000000000000e+01
1.078305547935436266e+02 3.473953464439372585e+00 2.254979895197048112e+00 3.101348252341094014e+00 3.210256410256410398e+00 2.400000000000000000e+01 1.429113924050632889e+01 1.509999999999999964e+01 1.200184333670357120e+02 6.866823065821789385e+01 7.523929952623508655e+01 6.000000000000000000e+00 3.291666666666666519e+00 1.358390235164728788e+00 4.000000000000000000e+01
7.827459828608751025e+01 3.411189702003358359e+00 1.949145112036561267e+00 3.008397783500659894e+00 2.910695187165775355e+00 2.100000000000000000e+01 1.272151898734177244e+01 1.355000000000000071e+01 8.683715591965605540e+01 5.046816198299177358e+01 5.512507487368921488e+01 8.000000000000000000e+00 3.761904761904761862e+00 1.533943516904177740e+00 4.000000000000000000e+01
7.866070917450494449e+01 3.279716080596870142e+00 1.983255202988932986e+00 3.169845658654192988e+00 2.393939393939394034e+00 1.700000000000000000e+01 1.026582278481012622e+01 1.112500000000000000e+01 8.552445678070145618e+01 4.888726516734207905e+01 5.426170650456543143e+01 1.200000000000000000e+01 4.647058823529412130e+00 1.775207716318292439e+00 4.000000000000000000e+01
4.114909804355240652e+01 2.430710570620359778e+00 5.948112058794634560e-01 2.657977294960129466e+00 9.914656771799628121e-01 1.300000000000000000e+01 7.379746835443038222e+00 8.275000000000000355e+00 4.347518705961337560e+01 2.474580819228249595e+01 3.023275481418753685e+01 1.200000000000000000e+01 6.076923076923076650e+00 1.703394782450502465e+00 4.000000000000000000e+01
8.981868124856330837e+01 3.411189702003358359e+00 2.078951887487574979e+00 3.075049984402961289e+00 1.258362168396770286e+00 1.800000000000000000e+01 9.050632911392405333e+00 9.925000000000000711e+00 1.127497825594890912e+02 5.571356999906680585e+01 6.478300397053605764e+01 8.000000000000000000e+00 4.388888888888889284e+00 1.465499233440757054e+00 4.000000000000000000e+01
6.892584804163794843e+01 3.375437903527040984e+00 1.880140554039909206e+00 2.962274303734620418e+00 1.090773809523809534e+00 1.400000000000000000e+01 7.734177215189873777e+00 8.625000000000000000e+00 8.025576883618346358e+01 4.386351012321756571e+01 5.024574830609812182e+01 1.000000000000000000e+01 5.642857142857143238e+00 1.515495011107626855e+00 4.000000000000000000e+01
7.459169853386424620e+01 3.443857242552258668e+00 1.833648649115842133e+00 3.224357484480260272e+00 2.086894586894586734e+00 1.700000000000000000e+01 1.054430379746835378e+01 1.140000000000000036e+01 9.644961725362644245e+01 4.792399769011223043e+01 5.361585147816096253e+01 1.000000000000000000e+01 4.647058823529412130e+00 2.202253183148827453e+00 4.000000000000000000e+01
6.461742245041952515e+01 3.552343858581805236e+00 1.497320898274219658e+00 3.507427825684194644e+00 1.355555555555555403e+00 1.600000000000000000e+01 9.278481012658227556e+00 1.015000000000000036e+01 9.038405550617628137e+01 4.308768288779813105e+01 4.683949820351789128e+01 1.000000000000000000e+01 4.937500000000000000e+00 1.284847859887697341e+00 4.000000000000000000e+01
6.040813185199343849e+01 2.521757574239155364e+00 1.105920761453779377e+00 2.479980506953562092e+00 1.942307692307692291e+00 1.700000000000000000e+01 8.316455696202531556e+00 9.199999999999999289e+00 8.003337261815936188e+01 3.693676332297027187e+01 4.329584669797758067e+01 1.400000000000000000e+01 4.647058823529412130e+00 1.307885861989903420e+00 4.000000000000000000e+01
1.104447790978372979e+02 3.411189702003358359e+00 2.342969120473858968e+00 2.990296737208930189e+00 3.147058823529411686e+00 2.100000000000000000e+01 1.186075949367088533e+01 1.269999999999999929e+01 1.227101520836163076e+02 6.955034561041954078e+01 7.759576316586174016e+01 8.000000000000000000e+00 3.761904761904761862e+00 1.285010489762515418e+00 4.000000000000000000e+01
5.313940317927772838e+01 3.402564240911784665e+00 1.621869062039685616e+00 2.956255690791984136e+00 1.154545454545454541e+00 1.100000000000000000e+01 6.721518987341772444e+00 7.625000000000000000e+00 6.260846462550951941e+01 3.262186330464674455e+01 3.872184603434072869e+01 1.400000000000000000e+01 7.181818181818181657e+00 1.340667793046083300e+00 4.000000000000000000e+01
7.073991138776646892e+01 3.586363173595479736e+00 1.492644293174485659e+00 3.259073086464253866e+00 1.966145833333333481e+00 2.000000000000000000e+01 1.054430379746835378e+01 1.140000000000000036e+01 1.037817773718544743e+02 4.805509260611621158e+01 5.049462102158798160e+01 8.000000000000000000e+00 3.950000000000000178e+00 1.619075401217854315e+00 4.000000000000000000e+01
8.279140410896458491e+01 3.515112659837269060e+00 2.022546047710374051e+00 3.230129452010596758e+00 3.114718614718614553e+00 1.800000000000000000e+01 1.016455696202531733e+01 1.102500000000000036e+01 9.270455055730525373e+01 5.353940225598317681e+01 5.812722682736237800e+01 8.000000000000000000e+00 4.388888888888889284e+00 1.480234953845155133e+00 4.000000000000000000e+01
8.474865273890677031e+01 3.443857242552258668e+00 1.983803238749697773e+00 3.166702532153293337e+00 1.618055555555555580e+00 1.500000000000000000e+01 1.026582278481012622e+01 1.112500000000000000e+01 9.149729469055041875e+01 5.396211200226940008e+01 6.015820697282078555e+01 1.200000000000000000e+01 5.266666666666666607e+00 1.512312962533969740e+00 4.000000000000000000e+01
6.686139608286855207e+01 3.473953464439372585e+00 1.653336044589029052e+00 3.046526710325927034e+00 1.086080586080586219e+00 1.300000000000000000e+01 8.113924050632912000e+00 9.000000000000000000e+00 9.260640007828038733e+01 4.123922714752047369e+01 4.876093349652824571e+01 1.200000000000000000e+01 6.076923076923076650e+00 1.392833666190615105e+00 4.000000000000000000e+01
8.136403072510887569e+01 3.411189702003358359e+00 2.166451651579086590e+00 3.041026559082131708e+00 2.705882352941176627e+00 1.800000000000000000e+01 1.084810126582278400e+01 1.169999999999999929e+01 9.653398827273323946e+01 5.142733228324031103e+01 5.763006623960367847e+01 1.000000000000000000e+01 4.388888888888889284e+00 1.518385718804820650e+00 4.000000000000000000e+01
8.242438240773527980e+01 3.515112659837269060e+00 1.460539867248007440e+00 3.371881675509720289e+00 1.042857142857142927e+00 2.100000000000000000e+01 1.148101265822784889e+01 1.232499999999999929e+01 8.601270376677349816e+01 5.156252054707770327e+01 5.746407414991026030e+01 8.000000000000000000e+00 3.761904761904761862e+00 1.415709006101375733e+00 4.000000000000000000e+01
8.275016896768129016e+01 3.411189702003358359e+00 2.522938357314530311e+00 2.882336929536297720e+00 2.949159663865546399e+00 1.900000000000000000e+01 1.016455696202531733e+01 1.102500000000000036e+01 1.101180293351417419e+02 5.168654235103122829e+01 6.054918881973065226e+01 8.000000000000000000e+00 4.157894736842105310e+00 1.101159127147949501e+00 4.000000000000000000e+01
7.235530335999688134e+01 3.375437903527040984e+00 1.797653697734835188e+00 2.974814588802673576e+00 1.580729166666666519e+00 1.700000000000000000e+01 9.911392405063290667e+00 1.077500000000000036e+01 8.350730430126306203e+01 4.504746142123070740e+01 5.106623692537545622e+01 8.000000000000000000e+00 4.647058823529412130e+00 1.654701795889121030e+00 4.000000000000000000e+01
5.727923474309218221e+01 3.443857242552258668e+00 1.692697242026191651e+00 3.150832022904986651e+00 2.388888888888888840e+00 1.600000000000000000e+01 9.784810126582279111e+00 1.065000000000000036e+01 7.607011079513094387e+01 3.799393431016173395e+01 3.984473210667782439e+01 8.000000000000000000e+00 4.937500000000000000e+00 2.158161132389574188e+00 4.000000000000000000e+01
8.254179862346474295e+01 3.552343858581805236e+00 1.226028232544304819e+00 3.807307877431757692e+00 1.540740740740740744e+00 2.000000000000000000e+01 9.835443037974682667e+00 1.069999999999999929e+01 1.135563404882351364e+02 5.780315512914719278e+01 6.098763450959806676e+01 8.000000000000000000e+00 3.950000000000000178e+00 1.226306559567484911e+00 4.000000000000000000e+01
7.311707234258032884e+01 3.375437903527040984e+00 2.063481916735641519e+00 2.764872591049949424e+00 2.537500000000000089e+00 2.000000000000000000e+01 9.860759493670885334e+00 1.072499999999999964e+01 8.649757526006675334e+01 4.549471222639589030e+01 5.165783064269534464e+01 8.000000000000000000e+00 3.950000000000000178e+00 1.545903583228654954e+00 4.000000000000000000e+01
8.594817997899693296e+01 3.617704769439423984e+00 2.164596144490327667e+00 3.390406981087682681e+00 2.000000000000000000e+00 2.000000000000000000e+01 1.148101265822784889e+01 1.232499999999999929e+01 1.063802190295049428e+02 5.418457341368620916e+01 6.214061114092419302e+01 8.000000000000000000e+00 3.950000000000000178e+00 1.267697089576635516e+00 4.000000000000000000e+01
5.658571381264339095e+01 3.314454017339988567e+00 1.492348385526694354e+00 2.985142548302799348e+00 1.343421052631579071e+00 1.500000000000000000e+01 8.139240506329114666e+00 9.025000000000000355e+00 7.569041451724491765e+01 3.524490997926695712e+01 3.995792196162895493e+01 1.200000000000000000e+01 5.266666666666666607e+00 1.888230625656488249e+00 4.000000000000000000e+01
7.567706023360608469e+01 6.324555320336762598e+00 3.833393155349596348e+00 4.995235825502229332e+00 8.250000000000000000e+00 2.500000000000000000e+01 1.472151898734177244e+01 1.552500000000000036e+01 8.599478195387148105e+01 4.935719798597222052e+01 5.204188291874347527e+01 6.000000000000000000e+00 3.160000000000000142e+00 1.468641125111428414e+00 4.000000000000000000e+01
5.015264934476192593e+01 3.501871511350208799e+00 1.589953460340713942e+00 3.184415595820845102e+00 1.694285714285714395e+00 1.400000000000000000e+01 7.962025316455696000e+00 8.849999999999999645e+00 6.382142835849392526e+01 3.146636146638105558e+01 3.575985946576206942e+01 1.200000000000000000e+01 5.642857142857143238e+00 1.640534288559255538e+00 4.000000000000000000e+01
7.024879228256293118e+01 3.527919570223205792e+00 1.952218322272799789e+00 3.240351764682880997e+00 2.070381998953427338e+00 1.300000000000000000e+01 8.265822784810126223e+00 9.150000000000000355e+00 8.227215366778069949e+01 4.347561431989124969e+01 5.081190842488124559e+01 1.000000000000000000e+01 6.076923076923076650e+00 1.719530934667946154e+00 4.000000000000000000e+01
6.196827610538121434e+01 3.646778057984196852e+00 1.796686502184722478e+00 3.247190529379941015e+00 2.365079365079365559e+00 1.700000000000000000e+01 9.658227848101265778e+00 1.052500000000000036e+01 7.550569714479317440e+01 3.857683525827128790e+01 4.457159729124412451e+01 1.000000000000000000e+01 4.647058823529412130e+00 1.652201214480340186e+00 4.000000000000000000e+01
7.739451396929422344e+01 3.473953464439372585e+00 8.194475192668897456e-01 3.756332014236648309e+00 6.131549609810480472e-01 1.900000000000000000e+01 9.303797468354430222e+00 1.017500000000000071e+01 1.100714454331772032e+02 5.150506838174310076e+01 5.372147675048022819e+01 8.000000000000000000e+00 4.157894736842105310e+00 1.504984526806261158e+00 4.000000000000000000e+01
6.573183365444461401e+01 3.501871511350208799e+00 1.964153565714556127e+00 3.138468978946920007e+00 2.326190476190475920e+00 1.700000000000000000e+01 1.059493670886075911e+01 1.144999999999999929e+01 7.685753214378821951e+01 4.306672176222452464e+01 4.510039118957627124e+01 8.000000000000000000e+00 4.647058823529412130e+00 1.743391033310231819e+00 4.000000000000000000e+01
8.545448619236914567e+01 3.314454017339988567e+00 2.015571554410258592e+00 3.269842298866085795e+00 2.605263157894736725e+00 2.000000000000000000e+01 1.079746835443038044e+01 1.165000000000000036e+01 1.107846896749526309e+02 5.417575992856824740e+01 6.046420234573702146e+01 1.000000000000000000e+01 3.950000000000000178e+00 1.428857505541451856e+00 4.000000000000000000e+01
1.075399200786607281e+02 3.375437903527040984e+00 2.096766983585662825e+00 3.123918314904896576e+00 2.647727272727272929e+00 2.200000000000000000e+01 1.193670886075949333e+01 1.277500000000000036e+01 1.260636075571351284e+02 6.590374862001289102e+01 7.485923910347975152e+01 8.000000000000000000e+00 3.590909090909090828e+00 1.477291292786453880e+00 4.000000000000000000e+01
6.109582787593178210e+01 3.375437903527040984e+00 1.535974471444812250e+00 3.155082914990750442e+00 1.790842490842490697e+00 1.900000000000000000e+01 9.784810126582279111e+00 1.065000000000000036e+01 7.327517211224156313e+01 3.903358357641057097e+01 4.305503925328999060e+01 1.200000000000000000e+01 4.157894736842105310e+00 2.119695024974721953e+00 4.000000000000000000e+01
9.313082107466904347e+01 3.375437903527040984e+00 2.177839996781768761e+00 3.176044836055552434e+00 3.034527972027972087e+00 1.600000000000000000e+01 9.531645569620252445e+00 1.040000000000000036e+01 1.181883718980972731e+02 6.070645389387779289e+01 6.561334627592118807e+01 8.000000000000000000e+00 4.937500000000000000e+00 1.260240776290616038e+00 4.000000000000000000e+01
7.654006532132362395e+01 3.346195160597230434e+00 2.063943496560084245e+00 2.873766129424933258e+00 2.380303030303030365e+00 1.700000000000000000e+01 8.721518987341772444e+00 9.599999999999999645e+00 1.126430566232642718e+02 5.157522280640083068e+01 5.525771899370913331e+01 8.000000000000000000e+00 4.647058823529412130e+00 1.144160527647130943e+00 4.000000000000000000e+01
9.711225753863305954e+01 6.324555320336764375e+00 4.613300222199785416e+00 4.532709404479238202e+00 7.200000000000000178e+00 2.500000000000000000e+01 1.305063291139240533e+01 1.387500000000000000e+01 1.221133911791664275e+02 6.098617962637415957e+01 6.684157141243838396e+01 6.000000000000000000e+00 3.160000000000000142e+00 1.343222906126648519e+00 4.000000000000000000e+01
6.561365260335745120e+01 3.443857242552258668e+00 1.788231156840277558e+00 3.170711303243142876e+00 1.666666666666666741e+00 1.200000000000000000e+01 7.379746835443038222e+00 8.275000000000000355e+00 7.591690443931139498e+01 4.041118760927134446e+01 4.619141366959338058e+01 1.200000000000000000e+01 6.583333333333333037e+00 1.297820578324585972e+00 4.000000000000000000e+01
1.030524099371443896e+02 3.443857242552258668e+00 2.031511501990558966e+00 2.932995677648464916e+00 2.347222222222222321e+00 1.900000000000000000e+01 1.127848101265822756e+01 1.212500000000000000e+01 1.177808161626648200e+02 6.594244164259040986e+01 7.375471587545914076e+01 8.000000000000000000e+00 4.157894736842105310e+00 1.373054182476925789e+00 4.000000000000000000e+01
5.965398992188993788e+01 3.402564240911784665e+00 1.908048096458052623e+00 2.787159037550534180e+00 1.381601731601731720e+00 1.200000000000000000e+01 6.746835443037975111e+00 7.650000000000000355e+00 8.421652302213348662e+01 3.719052014040642717e+01 4.440469754105443201e+01 1.400000000000000000e+01 6.583333333333333037e+00 1.455382713487219259e+00 4.000000000000000000e+01
8.935632956011951933e+01 3.473953464439372585e+00 1.810766596264321793e+00 3.667857447847787444e+00 1.586915535444947123e+00 1.700000000000000000e+01 1.006329113924050667e+01 1.092500000000000071e+01 9.633108378842132424e+01 5.534599334478205890e+01 6.262722961003166233e+01 1.000000000000000000e+01 4.647058823529412130e+00 1.518046817263467130e+00 4.000000000000000000e+01
1.100476518940790385e+02 6.324555320336762598e+00 5.230206622518137394e+00 4.656373930626509505e+00 9.333333333333333925e+00 2.400000000000000000e+01 1.332911392405063289e+01 1.415000000000000036e+01 1.383944048697798337e+02 6.990119164751183689e+01 7.648419510377118513e+01 1.000000000000000000e+01 3.291666666666666519e+00 1.339569760575956003e+00 4.000000000000000000e+01
4.343294736956147517e+01 3.443857242552258668e+00 1.398833238115317457e+00 3.131802148789271989e+00 1.200980392156862697e+00 1.400000000000000000e+01 7.784810126582278222e+00 8.675000000000000711e+00 5.296094581652867106e+01 2.756285190411556485e+01 3.151011397213283871e+01 8.000000000000000000e+00 5.642857142857143238e+00 2.452926181895064506e+00 4.000000000000000000e+01
9.196124694188111448e+01 3.515112659837269060e+00 2.120179335527341280e+00 3.429905000087225986e+00 1.900000000000000133e+00 2.100000000000000000e+01 1.206329113924050667e+01 1.290000000000000036e+01 9.828982458930221355e+01 5.805549480868266699e+01 6.458954245148653683e+01 8.000000000000000000e+00 3.761904761904761862e+00 1.568527054425861156e+00 4.000000000000000000e+01
9.060167797195821038e+01 3.375437903527040984e+00 1.950617669963953027e+00 3.267884890637370976e+00 1.823529411764705843e+00 2.000000000000000000e+01 1.137974683544303822e+01 1.222499999999999964e+01 1.161968144397709182e+02 5.827537375780222106e+01 6.287374923929709780e+01 1.000000000000000000e+01 3.950000000000000178e+00 1.902869901160062938e+00 4.000000000000000000e+01
1.060696500197113465e+02 3.411189702003358359e+00 2.365269445439554197e+00 3.051710932244205310e+00 2.411764705882352811e+00 1.700000000000000000e+01 1.135443037974683556e+01 1.219999999999999929e+01 1.266985981337699201e+02 6.808520242255960397e+01 7.296694239969521334e+01 1.000000000000000000e+01 4.647058823529412130e+00 1.539249420768880272e+00 4.000000000000000000e+01
8.973365384002312339e+01 3.443857242552258668e+00 2.107632408253786060e+00 3.012741692399379723e+00 2.336309523809523725e+00 1.800000000000000000e+01 1.049367088607595022e+01 1.134999999999999964e+01 1.053737508818213087e+02 5.724381601803175812e+01 6.320108374205779000e+01 6.000000000000000000e+00 4.388888888888889284e+00 1.797922436174957728e+00 4.000000000000000000e+01
7.701884446438380394e+01 3.646778057984196852e+00 1.671338420015144655e+00 3.624744329369504303e+00 1.750000000000000000e+00 1.700000000000000000e+01 9.126582278481013333e+00 1.000000000000000000e+01 1.050689315549165741e+02 4.976179158419760995e+01 5.508925402572528185e+01 1.000000000000000000e+01 4.647058823529412130e+00 1.238675012288288135e+00 4.000000000000000000e+01
6.229500269977957316e+01 3.443857242552258668e+00 1.769656576826613925e+00 2.953200846983728312e+00 3.118827160493827133e+00 2.200000000000000000e+01 1.092405063291139200e+01 1.177500000000000036e+01 1.022635068270496106e+02 4.061673943658300345e+01 4.501458296567569306e+01 8.000000000000000000e+00 3.590909090909090828e+00 1.933322939092935178e+00 4.000000000000000000e+01
7.256821064259074205e+01 3.427873620019257661e+00 1.720785497070929759e+00 3.033363070829223407e+00 1.089285714285714191e+00 1.500000000000000000e+01 8.620253164556961778e+00 9.500000000000000000e+00 8.661610909403454173e+01 4.550535274307383560e+01 5.104167355384253568e+01 1.000000000000000000e+01 5.266666666666666607e+00 1.791202738338766975e+00 4.000000000000000000e+01
4.539586393602031933e+01 3.327479068260029038e+00 1.475636147127538544e+00 2.994807131000016387e+00 2.274999999999999911e+00 1.200000000000000000e+01 8.240506329113923556e+00 9.125000000000000000e+00 5.360863396221425603e+01 2.735904954452846738e+01 3.265401653193175946e+01 1.400000000000000000e+01 6.583333333333333037e+00 1.054862897836529312e+00 4.000000000000000000e+01
6.809725031634654613e+01 3.427873620019256773e+00 2.144989359689323472e+00 2.635717336130284139e+00 2.797294685990338703e+00 1.300000000000000000e+01 7.455696202531645334e+00 8.349999999999999645e+00 7.806508140662973005e+01 4.371629888967746069e+01 4.949477067633716132e+01 1.200000000000000000e+01 6.076923076923076650e+00 1.719942561281145643e+00 4.000000000000000000e+01
8.790609625460862731e+01 3.335914189305272171e+00 2.029383696060162112e+00 3.120743621263123213e+00 2.014285714285714235e+00 1.900000000000000000e+01 1.155696202531645511e+01 1.240000000000000036e+01 9.735530639027292921e+01 5.421120986024249788e+01 6.066074304776958570e+01 8.000000000000000000e+00 4.157894736842105310e+00 1.520119182819192893e+00 4.000000000000000000e+01
7.656368076342155859e+01 3.411189702003358359e+00 1.701057136934309488e+00 3.104546428764749955e+00 1.236529906080079177e+00 1.200000000000000000e+01 7.962025316455696000e+00 8.849999999999999645e+00 7.718688700534866598e+01 4.684067417043279136e+01 5.346288810165738425e+01 1.400000000000000000e+01 6.583333333333333037e+00 1.897385347922039944e+00 4.000000000000000000e+01
9.338547362278346498e+01 3.443857242552258668e+00 2.247020273024595394e+00 3.468179506965244574e+00 2.676767676767676907e+00 2.000000000000000000e+01 1.153164556962025245e+01 1.237500000000000000e+01 1.125381999860195492e+02 5.912283448264069818e+01 6.650789709064618194e+01 8.000000000000000000e+00 3.950000000000000178e+00 1.281605807468319203e+00 4.000000000000000000e+01
6.947901527400867394e+01 3.473953464439372585e+00 1.118027110770303034e+00 3.501872905572396277e+00 3.086925894618202548e+00 1.800000000000000000e+01 9.582278481012657778e+00 1.044999999999999929e+01 9.255783523917878597e+01 4.315596987199323564e+01 4.918033920949668669e+01 8.000000000000000000e+00 4.388888888888889284e+00 1.185747754844276525e+00 4.000000000000000000e+01
8.475197152002657219e+01 3.411189702003358359e+00 1.930854496485649774e+00 3.183369891971961962e+00 2.176470588235293935e+00 1.700000000000000000e+01 1.135443037974683556e+01 1.219999999999999929e+01 7.999873834730355782e+01 5.240102500760772841e+01 5.916846302131914115e+01 1.000000000000000000e+01 4.647058823529412130e+00 1.537239809785847733e+00 4.000000000000000000e+01
5.829462849669753410e+01 3.411189702003358359e+00 1.406339171502600127e+00 3.186469932065712829e+00 2.005882352941176450e+00 1.500000000000000000e+01 8.493670886075950222e+00 9.375000000000000000e+00 7.453620377085374571e+01 3.586208864161751109e+01 4.211012107659665560e+01 1.000000000000000000e+01 5.266666666666666607e+00 1.457949653361964915e+00 4.000000000000000000e+01
8.023195741285120164e+01 3.473953464439372585e+00 2.282981860072609948e+00 2.953889133430228853e+00 2.056680161943320151e+00 1.600000000000000000e+01 1.044303797468354489e+01 1.130000000000000071e+01 8.978191423156080475e+01 5.078923415063032820e+01 5.641983295287104738e+01 8.000000000000000000e+00 4.937500000000000000e+00 1.333541584743149322e+00 4.000000000000000000e+01
7.280789324655322048e+01 3.515112659837269060e+00 1.322215355738793452e+00 3.384496945781756860e+00 2.747448979591836871e+00 2.100000000000000000e+01 1.117721518987341689e+01 1.202500000000000036e+01 1.004783491461403457e+02 4.905420391836943139e+01 5.195120723831220744e+01 8.000000000000000000e+00 3.761904761904761862e+00 1.399612470336644376e+00 4.000000000000000000e+01
7.391083880089196612e+01 3.515112659837269060e+00 1.845329638710005993e+00 3.397152224671462939e+00 2.834665334665334768e+00 1.800000000000000000e+01 1.064556962025316444e+01 1.150000000000000000e+01 9.254814553235405583e+01 4.641735358953209101e+01 5.237471061124144001e+01 8.000000000000000000e+00 4.388888888888889284e+00 1.391251417201448071e+00 4.000000000000000000e+01
7.832759694132677453e+01 3.335914189305272171e+00 1.602680205191754137e+00 3.242082183767908354e+00 1.675555555555555465e+00 1.800000000000000000e+01 1.031645569620253156e+01 1.117500000000000071e+01 9.247587658536605204e+01 4.835241943424423994e+01 5.468869501387496967e+01 8.000000000000000000e+00 4.388888888888889284e+00 1.547753774756984280e+00 4.000000000000000000e+01
8.188888553928481429e+01 3.552343858581805236e+00 1.898412247447607948e+00 3.393867370985079290e+00 1.960634920634920952e+00 1.900000000000000000e+01 1.094936708860759467e+01 1.180000000000000071e+01 9.458617366168100205e+01 5.258145282481046223e+01 5.662005872952658336e+01 8.000000000000000000e+00 4.157894736842105310e+00 1.452668147827709255e+00 4.000000000000000000e+01
1.094920963370225166e+02 3.552343858581805236e+00 2.027977784832122321e+00 3.537452876828599990e+00 1.355555555555555403e+00 1.500000000000000000e+01 9.354430379746835555e+00 1.022499999999999964e+01 1.083457060108846406e+02 6.822595093457604776e+01 7.744706408117552598e+01 1.200000000000000000e+01 5.266666666666666607e+00 1.520984287696106607e+00 4.000000000000000000e+01
5.773128020818093376e+01 3.443857242552258668e+00 1.722670307775914456e+00 3.200298354075887364e+00 1.888888888888888840e+00 1.600000000000000000e+01 9.253164556962024889e+00 1.012500000000000000e+01 7.396152446689944782e+01 3.611586510675907391e+01 4.111667683290371400e+01 1.000000000000000000e+01 4.937500000000000000e+00 1.578718499721027957e+00 4.000000000000000000e+01
6.239914683781343996e+01 3.552343858581805236e+00 1.221275836153124850e+00 3.645156975719856973e+00 1.598879551820728384e+00 1.900000000000000000e+01 1.031645569620253156e+01 1.117500000000000071e+01 8.824524262654642826e+01 4.070550383588694388e+01 4.381624624743962215e+01 8.000000000000000000e+00 4.157894736842105310e+00 1.607419760631955352e+00 4.000000000000000000e+01
6.814859605004893695e+01 3.411189702003358359e+00 1.640539692307399822e+00 3.147193937470934344e+00 1.196078431372548989e+00 1.400000000000000000e+01 8.215189873417720889e+00 9.099999999999999645e+00 8.006763323901174090e+01 4.253046127599576920e+01 4.866664027785613911e+01 1.000000000000000000e+01 5.642857142857143238e+00 1.928200384706392434e+00 4.000000000000000000e+01
6.707235144676948835e+01 3.375437903527040984e+00 1.682006031963113823e+00 3.197931330927113347e+00 1.516911764705882293e+00 1.600000000000000000e+01 9.050632911392405333e+00 9.925000000000000711e+00 8.416703517896928588e+01 4.094254605726206364e+01 4.839520906026621816e+01 1.000000000000000000e+01 4.937500000000000000e+00 1.786271546828568368e+00 4.000000000000000000e+01
7.929906442495793328e+01 3.375437903527040984e+00 1.817787748711852114e+00 3.140463497177344188e+00 2.174999999999999822e+00 2.200000000000000000e+01 1.196202531645569600e+01 1.280000000000000071e+01 1.078618979973190193e+02 5.282192900918428791e+01 5.620429589973580420e+01 6.000000000000000000e+00 3.590909090909090828e+00 1.595831617795813839e+00 4.000000000000000000e+01
7.761919454386853090e+01 3.427873620019257661e+00 1.352407720688597159e+00 3.570347233665935871e+00 2.333333333333333481e+00 1.500000000000000000e+01 9.278481012658227556e+00 1.015000000000000036e+01 7.682176769498038027e+01 4.729436195134651655e+01 5.495081867889248883e+01 1.000000000000000000e+01 5.266666666666666607e+00 1.375737563006140141e+00 4.000000000000000000e+01
7.738191565840878638e+01 3.586363173595479736e+00 1.831956274788683059e+00 3.457839075611563562e+00 2.162847222222222143e+00 1.800000000000000000e+01 1.067088607594936711e+01 1.152500000000000036e+01 8.517843230835653401e+01 4.937469550808699381e+01 5.346111249992772940e+01 8.000000000000000000e+00 4.388888888888889284e+00 1.805399350231327027e+00 4.000000000000000000e+01
5.638946716502677248e+01 3.411189702003358359e+00 1.291864513326257180e+00 3.360058909179895359e+00 1.505514705882353033e+00 1.300000000000000000e+01 7.430379746835442667e+00 8.324999999999999289e+00 6.683253822737053440e+01 3.439816498356656638e+01 4.141831774060865001e+01 1.200000000000000000e+01 6.076923076923076650e+00 1.243955690202174003e+00 4.000000000000000000e+01
7.944235246746130485e+01 3.552343858581805236e+00 2.058864795802056058e+00 3.510128979201568633e+00 3.931818181818182101e+00 2.300000000000000000e+01 1.262025316455696178e+01 1.344999999999999929e+01 1.029811186502329008e+02 5.197363922495433286e+01 5.604863817496902101e+01 6.000000000000000000e+00 3.434782608695652328e+00 1.305373356500811655e+00 4.000000000000000000e+01
6.894748012127658399e+01 3.346195160597230434e+00 1.714161919002465506e+00 3.086825688140001578e+00 1.250000000000000000e+00 1.800000000000000000e+01 9.025316455696202667e+00 9.900000000000000355e+00 8.624843940924692731e+01 4.294895745574525847e+01 4.952636695028112257e+01 1.000000000000000000e+01 4.388888888888889284e+00 1.929628481583185895e+00 4.000000000000000000e+01
9.665876478491763635e+01 3.646778057984196852e+00 2.592149392009772679e+00 2.748809884836825645e+00 4.222222222222222321e+00 1.900000000000000000e+01 1.006329113924050667e+01 1.092500000000000071e+01 1.291188027165461563e+02 6.159086611869679473e+01 6.985594239390772486e+01 6.000000000000000000e+00 4.157894736842105310e+00 1.300559002940725462e+00 4.000000000000000000e+01
8.557906660207206073e+01 3.586363173595479736e+00 1.662532160921416979e+00 3.668565036744228181e+00 1.703125000000000000e+00 2.000000000000000000e+01 1.158227848101265778e+01 1.242500000000000071e+01 1.069320446520444960e+02 5.772321521020992208e+01 6.097364539819849938e+01 8.000000000000000000e+00 3.950000000000000178e+00 1.454733420897289298e+00 4.000000000000000000e+01
5.104715904816663397e+01 3.346195160597230434e+00 1.678323558278504324e+00 3.056381737963798528e+00 2.370454545454545592e+00 1.600000000000000000e+01 8.620253164556961778e+00 9.500000000000000000e+00 8.031178041449975069e+01 3.358742977338088309e+01 3.662182211632006812e+01 1.000000000000000000e+01 4.937500000000000000e+00 1.147719137451962634e+00 4.000000000000000000e+01
1.194147978010186364e+02 6.324555320336760822e+00 4.937723469317159442e+00 4.895052447271476481e+00 1.554545454545454497e+01 3.100000000000000000e+01 1.667088607594936533e+01 1.744999999999999929e+01 1.581035993004897762e+02 7.931801643839311566e+01 8.345841733771716520e+01 4.000000000000000000e+00 2.548387096774193505e+00 1.262006733025797356e+00 4.000000000000000000e+01
7.397706226512683259e+01 3.552343858581805236e+00 1.298541603437498138e+00 3.250545152979591901e+00 1.540740740740740744e+00 2.000000000000000000e+01 9.936708860759493334e+00 1.080000000000000071e+01 9.757507449810127298e+01 4.656940655504652682e+01 5.332855081006611186e+01 8.000000000000000000e+00 3.950000000000000178e+00 1.469102872875985621e+00 4.000000000000000000e+01
7.579403015778095209e+01 3.473953464439372585e+00 1.529498445686055641e+00 3.640574638958855580e+00 1.393569393569393355e+00 1.800000000000000000e+01 1.039240506329113956e+01 1.125000000000000000e+01 8.498977807446594568e+01 4.722059411253238181e+01 5.427445747875106008e+01 8.000000000000000000e+00 4.388888888888889284e+00 1.578051220837631163e+00 4.000000000000000000e+01
5.852148916569860404e+01 3.314454017339988567e+00 1.713130982106773725e+00 3.023592312305192209e+00 1.868421052631578982e+00 1.500000000000000000e+01 8.544303797468353778e+00 9.425000000000000711e+00 7.783367248694638363e+01 3.646460114026614718e+01 4.161761780873318628e+01 8.000000000000000000e+00 5.266666666666666607e+00 1.800937935776620202e+00 4.000000000000000000e+01
6.023819358852774286e+01 3.473953464439372585e+00 1.424484514422589498e+00 3.258797619903994303e+00 1.324561403508772051e+00 1.900000000000000000e+01 9.734177215189873777e+00 1.059999999999999964e+01 7.375486763268398249e+01 3.755150769200587746e+01 4.397651626470991459e+01 1.000000000000000000e+01 4.157894736842105310e+00 1.783208083577132008e+00 4.000000000000000000e+01
6.415849925975336987e+01 3.346195160597230434e+00 1.727654616060677162e+00 3.033029633041519624e+00 1.789423076923077005e+00 1.600000000000000000e+01 9.025316455696202667e+00 9.900000000000000355e+00 7.208628190279208070e+01 4.035020455928715677e+01 4.636411322222599551e+01 1.000000000000000000e+01 4.937500000000000000e+00 1.753770225229860591e+00 4.000000000000000000e+01
9.166470982688069569e+01 6.324555320336762598e+00 4.688048095418836603e+00 4.555216789572148706e+00 6.882352941176470118e+00 2.200000000000000000e+01 1.173417721518987378e+01 1.257499999999999929e+01 1.149438240917729388e+02 5.990304224873841576e+01 6.413934216982944747e+01 6.000000000000000000e+00 3.590909090909090828e+00 1.352812199519465519e+00 4.000000000000000000e+01
8.093810676323016651e+01 3.443857242552258668e+00 2.037630207289373718e+00 2.975285079879203654e+00 3.694940476190476275e+00 2.300000000000000000e+01 1.373417721518987378e+01 1.455000000000000071e+01 8.924552182512040588e+01 5.241077367918102681e+01 5.562389753552331939e+01 8.000000000000000000e+00 3.434782608695652328e+00 1.454705518404065590e+00 4.000000000000000000e+01
9.574033206494945603e+01 3.443857242552258668e+00 2.027163012262815478e+00 3.416112364358448339e+00 3.272222222222222143e+00 2.100000000000000000e+01 1.155696202531645511e+01 1.240000000000000036e+01 1.094225296031623458e+02 5.988711005710775481e+01 6.782137504088296964e+01 8.000000000000000000e+00 3.761904761904761862e+00 1.353469498310654995e+00 4.000000000000000000e+01
8.843922995282059674e+01 3.552343858581805236e+00 2.097289098396028617e+00 3.284866274266231123e+00 3.451515151515151647e+00 2.200000000000000000e+01 1.224050632911392356e+01 1.307499999999999929e+01 1.134650948281834246e+02 5.467497003761026519e+01 6.401519991663950293e+01 8.000000000000000000e+00 3.590909090909090828e+00 1.228288250841623519e+00 4.000000000000000000e+01
8.734507898665016512e+01 3.375437903527040984e+00 2.032305244482961903e+00 3.237060396934800632e+00 1.289390756302521091e+00 1.500000000000000000e+01 8.949367088607594667e+00 9.824999999999999289e+00 9.859177568408634329e+01 5.508247423972753154e+01 6.227906767732891069e+01 1.000000000000000000e+01 5.266666666666666607e+00 1.395741908116105545e+00 4.000000000000000000e+01
6.525995771128813772e+01 3.617704769439423984e+00 1.263708516145602534e+00 3.149158883671183684e+00 1.695501730103806448e+00 1.900000000000000000e+01 9.556962025316455112e+00 1.042500000000000071e+01 8.979731155848385526e+01 4.215981728627738079e+01 4.780881381514337392e+01 8.000000000000000000e+00 4.157894736842105310e+00 1.453169184948412518e+00 4.000000000000000000e+01
7.912866884738555484e+01 2.479980506953562092e+00 1.431216801954628304e+00 2.619466938606405559e+00 1.522023809523809668e+00 1.500000000000000000e+01 9.531645569620252445e+00 1.040000000000000036e+01 9.124905666252267622e+01 4.933770595004904891e+01 5.554059819967019962e+01 1.000000000000000000e+01 5.266666666666666607e+00 1.621330089493939530e+00 4.000000000000000000e+01
5.730720129372618743e+01 3.443857242552258668e+00 1.594189794089305501e+00 3.143703463234738926e+00 1.458333333333333259e+00 1.400000000000000000e+01 7.354430379746835555e+00 8.250000000000000000e+00 7.393866894053731187e+01 3.576933455959489550e+01 4.097843996253948973e+01 1.200000000000000000e+01 5.642857142857143238e+00 1.296078292725801218e+00 4.000000000000000000e+01
7.846324810827931628e+01 3.375437903527040984e+00 1.853109517998011269e+00 3.150930137279693621e+00 1.478306878306878236e+00 1.200000000000000000e+01 7.506329113924050667e+00 8.400000000000000355e+00 8.086200870031437660e+01 4.846844455301339849e+01 5.698553799390994357e+01 1.400000000000000000e+01 6.583333333333333037e+00 1.488619293339323191e+00 4.000000000000000000e+01
9.459902125148762764e+01 3.291665350506605581e+00 1.950503178980502517e+00 3.355940312591029873e+00 2.620879120879120894e+00 2.300000000000000000e+01 1.368354430379746844e+01 1.450000000000000000e+01 9.397319710831952477e+01 5.907439212150850949e+01 6.481008466163875426e+01 8.000000000000000000e+00 3.434782608695652328e+00 1.545401791640769407e+00 4.000000000000000000e+01
6.553188168299539029e+01 3.411189702003358359e+00 1.840943561295572684e+00 2.966483249608312889e+00 2.113445378151260545e+00 1.700000000000000000e+01 9.835443037974682667e+00 1.069999999999999929e+01 7.325200622293560571e+01 4.055341847400254807e+01 4.581162967866857372e+01 8.000000000000000000e+00 4.647058823529412130e+00 1.657165795305941325e+00 4.000000000000000000e+01
1.094110396815398190e+02 3.473953464439372585e+00 2.369550150114244413e+00 3.301578830562449163e+00 2.923076923076922906e+00 2.100000000000000000e+01 1.345569620253164622e+01 1.427500000000000036e+01 1.130250156077985508e+02 7.002931256176623265e+01 7.421601724423983626e+01 8.000000000000000000e+00 3.761904761904761862e+00 1.372292777910983030e+00 4.000000000000000000e+01
7.789890743355715585e+01 3.552343858581805236e+00 1.521302646024541572e+00 3.689266410748925473e+00 5.239999999999999325e+00 2.300000000000000000e+01 1.079746835443038044e+01 1.165000000000000036e+01 9.630934960445526372e+01 4.768609921927228612e+01 5.596817563620663805e+01 1.000000000000000000e+01 3.434782608695652328e+00 1.256430254811210956e+00 4.000000000000000000e+01
7.681319298462135237e+01 3.346195160597230434e+00 2.132770224647950297e+00 2.987821210785211790e+00 2.751428571428571335e+00 1.700000000000000000e+01 1.024050632911392356e+01 1.109999999999999964e+01 1.010552297055158135e+02 4.757936349068427972e+01 5.406265987475511992e+01 1.000000000000000000e+01 4.647058823529412130e+00 1.585733089307783894e+00 4.000000000000000000e+01
8.720190233472058594e+01 3.473953464439372585e+00 1.850615399967012742e+00 3.063069663906849982e+00 2.089743589743589425e+00 2.300000000000000000e+01 1.287341772151898667e+01 1.369999999999999929e+01 1.124359337421790030e+02 5.664063016967788400e+01 5.991023223552193855e+01 6.000000000000000000e+00 3.434782608695652328e+00 1.462018415869301924e+00 4.000000000000000000e+01
6.766502636571969731e+01 3.411189702003358359e+00 2.054313134156258602e+00 2.982261856009903678e+00 2.425653594771242094e+00 1.700000000000000000e+01 8.949367088607594667e+00 9.824999999999999289e+00 1.017634656093701579e+02 4.315700130871347540e+01 4.677922101708843883e+01 1.200000000000000000e+01 4.647058823529412130e+00 1.170180991060997489e+00 4.000000000000000000e+01
7.148540099820228022e+01 3.427873620019257661e+00 1.288567278151886875e+00 3.678324565642591359e+00 1.937500000000000000e+00 1.600000000000000000e+01 1.021518987341772089e+01 1.107499999999999929e+01 8.768526683063164739e+01 4.475232821031001862e+01 4.979154712244040581e+01 1.200000000000000000e+01 4.937500000000000000e+00 1.058174456376161698e+00 4.000000000000000000e+01
4.748125755069054321e+01 3.473953464439372585e+00 1.314072101274398552e+00 3.322324079870852653e+00 1.381578947368421018e+00 1.200000000000000000e+01 7.050632911392405333e+00 7.950000000000000178e+00 7.143078856852339698e+01 3.003073091334932343e+01 3.407808545475562312e+01 1.000000000000000000e+01 6.583333333333333037e+00 9.849379332890055849e-01 4.000000000000000000e+01
8.559931760141486734e+01 3.375437903527040984e+00 2.050553676285192584e+00 3.009980480390272550e+00 1.516911764705882293e+00 1.600000000000000000e+01 9.101265822784810666e+00 9.974999999999999645e+00 1.032275845450062235e+02 5.307899049489402898e+01 6.111805128426578193e+01 1.200000000000000000e+01 4.937500000000000000e+00 1.577046651660436893e+00 4.000000000000000000e+01
8.246319117426166656e+01 3.552343858581805236e+00 2.091522717818700361e+00 3.473151734016048486e+00 2.666666666666666519e+00 2.100000000000000000e+01 1.211392405063291200e+01 1.294999999999999929e+01 1.211972838236109169e+02 5.719508743194867151e+01 5.805636930671749951e+01 8.000000000000000000e+00 3.761904761904761862e+00 1.250617608042032813e+00 4.000000000000000000e+01
6.897294529317227330e+01 3.473953464439372585e+00 1.164559503177487576e+00 3.216787568037636991e+00 2.532967032967033294e+00 2.400000000000000000e+01 1.216455696202531733e+01 1.300000000000000000e+01 9.366738290684239132e+01 4.303637601253263512e+01 5.077499140500618324e+01 8.000000000000000000e+00 3.291666666666666519e+00 1.359003080163958987e+00 4.000000000000000000e+01
7.129462025463546127e+01 3.443857242552258668e+00 2.034701057190725138e+00 3.019153048422205554e+00 2.347222222222222321e+00 1.600000000000000000e+01 1.064556962025316444e+01 1.150000000000000000e+01 7.633225399904256392e+01 4.318397425865971684e+01 5.084281384817352034e+01 1.200000000000000000e+01 4.937500000000000000e+00 1.766378049493086966e+00 4.000000000000000000e+01
9.206034622096778719e+01 3.427873620019257661e+00 2.024001873250233619e+00 3.313135398508588292e+00 2.456293706293706247e+00 2.000000000000000000e+01 1.221518987341772089e+01 1.305000000000000071e+01 1.130560402206086792e+02 5.853240908839723033e+01 6.385551453447131109e+01 8.000000000000000000e+00 3.950000000000000178e+00 1.554411446804221830e+00 4.000000000000000000e+01
5.856819933366428188e+01 3.473953464439372585e+00 1.985444221271574827e+00 2.879318790604940670e+00 1.774436090225563589e+00 1.500000000000000000e+01 9.556962025316455112e+00 1.042500000000000071e+01 7.197355414641972970e+01 3.749817643048999116e+01 4.207596614101368715e+01 1.000000000000000000e+01 5.266666666666666607e+00 1.637995599532056978e+00 4.000000000000000000e+01
8.026014737684376144e+01 3.552343858581805236e+00 2.087975647111265154e+00 3.304559230963687089e+00 2.213333333333333375e+00 2.000000000000000000e+01 1.064556962025316444e+01 1.150000000000000000e+01 1.016824691516947752e+02 4.992255130208415181e+01 5.712652655963277937e+01 1.000000000000000000e+01 3.950000000000000178e+00 1.282680568390544007e+00 4.000000000000000000e+01
7.883067499761531849e+01 3.473953464439372585e+00 1.872685000939902089e+00 3.089956327632365163e+00 1.586915535444947123e+00 2.100000000000000000e+01 1.044303797468354489e+01 1.130000000000000071e+01 1.111115473220875742e+02 4.991785861441590555e+01 5.510447259424147148e+01 8.000000000000000000e+00 3.761904761904761862e+00 1.682567727524778567e+00 4.000000000000000000e+01
9.496882165248732122e+01 3.473953464439372585e+00 2.028019201652938364e+00 3.550686001314562024e+00 1.459176788124156410e+00 2.100000000000000000e+01 1.201265822784810133e+01 1.284999999999999964e+01 1.046286910647498161e+02 5.977397397367014520e+01 6.646424804472096071e+01 1.000000000000000000e+01 3.761904761904761862e+00 1.576318669048987653e+00 4.000000000000000000e+01
1.090894831171687969e+02 3.335914189305272171e+00 2.386280638601576243e+00 3.191870263111267203e+00 2.502380952380952372e+00 1.900000000000000000e+01 1.193670886075949333e+01 1.277500000000000036e+01 1.156925378619331468e+02 6.910935954411603177e+01 7.572333081369326635e+01 1.000000000000000000e+01 4.157894736842105310e+00 1.283633186014176308e+00 4.000000000000000000e+01
7.101505627555351907e+01 6.324555320336762598e+00 3.389665308636979457e+00 4.690415759823430619e+00 6.111111111111110716e+00 2.100000000000000000e+01 1.213924050632911467e+01 1.297499999999999964e+01 8.968336075065738555e+01 4.540911773404577190e+01 5.050890968587431473e+01 8.000000000000000000e+00 3.761904761904761862e+00 1.569433394979576235e+00 4.000000000000000000e+01
9.634443136176396649e+01 3.375437903527040984e+00 2.194398824079538901e+00 3.266633226397772205e+00 1.900297619047619069e+00 1.900000000000000000e+01 1.018987341772151822e+01 1.105000000000000071e+01 1.246942711838959781e+02 5.996160516383099548e+01 6.865076070912988371e+01 8.000000000000000000e+00 4.157894736842105310e+00 1.338509731091956922e+00 4.000000000000000000e+01
1.044424469116936933e+02 3.375437903527040984e+00 2.361348912658419952e+00 3.048089791266413329e+00 3.291666666666666519e+00 2.200000000000000000e+01 1.269620253164556978e+01 1.352500000000000036e+01 1.303264856003390264e+02 6.619348803723784158e+01 7.393822041573780268e+01 6.000000000000000000e+00 3.590909090909090828e+00 1.252206904255417586e+00 4.000000000000000000e+01
5.186113713307675965e+01 3.375437903527040984e+00 1.293954686472194693e+00 3.124389923326784668e+00 4.431818181818182323e-01 1.700000000000000000e+01 7.658227848101265778e+00 8.550000000000000711e+00 1.152458124673612332e+02 4.032839974518829251e+01 4.171525329793745129e+01 1.200000000000000000e+01 4.647058823529412130e+00 8.723624084682936042e-01 4.000000000000000000e+01
5.105125116816556385e+01 3.552343858581805236e+00 1.128552010113320625e+00 3.486165439827551005e+00 2.888888888888888062e-01 1.500000000000000000e+01 7.253164556962024889e+00 8.150000000000000355e+00 7.678316371233829329e+01 3.275415151790262769e+01 3.689841109572737565e+01 1.200000000000000000e+01 5.266666666666666607e+00 1.342211916472868527e+00 4.000000000000000000e+01
9.443262150994868875e+01 6.324555320336762598e+00 4.376335780346566118e+00 4.877445405559196701e+00 5.777777777777777679e+00 2.300000000000000000e+01 1.279746835443038044e+01 1.362500000000000000e+01 1.109219343635875816e+02 5.904146848750760057e+01 6.630158167264485769e+01 6.000000000000000000e+00 3.434782608695652328e+00 1.354213533839430772e+00 4.000000000000000000e+01
4.533930098848801293e+01 3.411189702003358359e+00 1.275471299377832990e+00 3.121948593522747561e+00 6.691176470588234837e-01 1.100000000000000000e+01 6.544303797468354666e+00 7.450000000000000178e+00 5.686844342936862517e+01 2.922299476006006103e+01 3.295168535975505364e+01 1.400000000000000000e+01 7.181818181818181657e+00 1.097771474831797489e+00 4.000000000000000000e+01
8.389955777454608210e+01 3.586363173595479736e+00 1.222716583266546753e+00 3.724340716382380734e+00 2.979166666666666519e+00 2.100000000000000000e+01 1.117721518987341689e+01 1.202500000000000036e+01 1.099518109648646487e+02 5.281056334715697176e+01 6.095491364618819574e+01 6.000000000000000000e+00 3.761904761904761862e+00 1.244658980462206799e+00 4.000000000000000000e+01
7.297326412765607984e+01 3.375437903527040984e+00 2.018781675021335431e+00 2.964236516259298515e+00 2.328756957328385724e+00 1.600000000000000000e+01 9.734177215189873777e+00 1.059999999999999964e+01 8.751602835331249253e+01 4.795201952593568961e+01 5.070869569912579777e+01 8.000000000000000000e+00 4.937500000000000000e+00 1.677813784270793862e+00 4.000000000000000000e+01
5.073405031185466640e+01 3.515112659837269060e+00 1.125810006271946273e+00 3.439411098427460178e+00 1.042857142857142927e+00 1.600000000000000000e+01 9.708860759493671111e+00 1.057499999999999929e+01 7.343173449016467202e+01 3.168654299389274343e+01 3.611215938879384879e+01 1.000000000000000000e+01 4.937500000000000000e+00 1.760912619510687893e+00 4.000000000000000000e+01
7.646455362511464671e+01 3.427873620019257661e+00 1.920619385607371665e+00 3.338923647557764607e+00 2.330357142857142794e+00 2.100000000000000000e+01 1.115189873417721600e+01 1.200000000000000000e+01 8.961382338379084445e+01 4.783257193746615599e+01 5.366181277527926596e+01 8.000000000000000000e+00 3.761904761904761862e+00 1.491925073510734778e+00 4.000000000000000000e+01
4.318513273904555660e+01 2.540515226981210795e+00 9.411091234397720440e-01 2.628343206800803245e+00 1.703703703703703720e+00 1.400000000000000000e+01 7.607594936708860445e+00 8.500000000000000000e+00 5.398521506575772122e+01 2.732971056216821637e+01 3.106099694884044737e+01 1.200000000000000000e+01 5.642857142857143238e+00 1.191396301692139392e+00 4.000000000000000000e+01
5.746039538666390456e+01 2.456456052231581033e+00 1.023542032355810649e+00 2.517850823588334563e+00 1.748792270531400961e+00 1.500000000000000000e+01 8.113924050632912000e+00 9.000000000000000000e+00 6.647157946990436983e+01 3.541594565852854970e+01 4.083910413386006155e+01 1.200000000000000000e+01 5.266666666666666607e+00 1.247568900862372265e+00 4.000000000000000000e+01
9.114927450560385580e+01 3.617704769439423984e+00 2.206057916162218024e+00 3.319126561382947926e+00 2.519715578539107881e+00 2.000000000000000000e+01 1.117721518987341689e+01 1.202500000000000036e+01 9.601007910297029468e+01 5.818673521308553376e+01 6.390388845588445577e+01 8.000000000000000000e+00 3.950000000000000178e+00 1.263974865968606087e+00 4.000000000000000000e+01
9.734744416722494975e+01 6.324555320336762598e+00 4.417748282842364205e+00 4.988876515698587255e+00 5.263157894736842479e+00 2.100000000000000000e+01 1.292405063291139200e+01 1.375000000000000000e+01 1.067932014914679826e+02 6.176714803169787871e+01 6.726066821197389345e+01 8.000000000000000000e+00 3.761904761904761862e+00 1.300217055974467018e+00 4.000000000000000000e+01
1.080013300438247086e+02 3.375437903527041428e+00 1.249458446281600521e+00 3.691745567240184656e+00 1.077272727272727160e+00 2.200000000000000000e+01 1.117721518987341689e+01 1.202500000000000036e+01 1.371920388786613785e+02 7.092807029778349204e+01 7.299097824918450783e+01 6.000000000000000000e+00 3.590909090909090828e+00 1.473894023051517177e+00 4.000000000000000000e+01
6.142262466075257521e+01 2.456456052231581033e+00 1.166255595632029740e+00 2.486922310604825714e+00 8.942028985507246563e-01 1.400000000000000000e+01 8.240506329113923556e+00 9.125000000000000000e+00 7.243007481761770805e+01 3.799908224995371597e+01 4.396651098634264088e+01 1.200000000000000000e+01 5.642857142857143238e+00 1.512230016059963544e+00 4.000000000000000000e+01
8.555990259965220446e+01 3.515112659837269060e+00 1.726436760293096562e+00 3.599792380060120589e+00 1.639705882352940902e+00 1.700000000000000000e+01 9.987341772151898667e+00 1.084999999999999964e+01 1.115311522365807377e+02 5.578920260424383315e+01 6.151920482631724951e+01 8.000000000000000000e+00 4.647058823529412130e+00 1.172908980473686080e+00 4.000000000000000000e+01
5.047101248777125448e+01 3.473953464439372585e+00 1.681639668895827278e+00 3.076330077867087454e+00 4.736842105263157632e-01 1.000000000000000000e+01 6.341772151898734222e+00 7.250000000000000000e+00 6.543742090136619538e+01 3.161354708689855286e+01 3.645445827316900989e+01 1.800000000000000000e+01 7.900000000000000355e+00 1.423493475688545562e+00 4.000000000000000000e+01
8.115741885820885670e+01 3.473953464439372585e+00 2.031156169085958307e+00 3.181566886080620549e+00 2.864433811802232999e+00 1.700000000000000000e+01 1.003797468354430400e+01 1.090000000000000036e+01 9.495767197221832134e+01 5.106581591355244854e+01 5.816951051828316110e+01 1.400000000000000000e+01 4.647058823529412130e+00 1.785716800500512180e+00 4.000000000000000000e+01
